5. Population selon I'ege et Ie sexe (suite)
[Voir note au debut du tableau.]
POPULATION
AGE (en annees)
35-39 40-44 45-49 50-54 55-59 60-64 65-69 70-74 75-79 80-84 85 plus Unknown
Inconnu
3531 2707 1984 1204 706 43 1
2044 I 1680 13971 1209 10231 839 5731 413 191 [ 162 [ 163 - 2
3604 2694 2073 1022 557 58 3
3715 2770 2233 1274 790 150 4
184 163 151 83 62 52 21 11 6 3 - 45 5
354 291 231 170 101 47 50 16 7 4 1 - 6
125 91 63 50 26 21 13 6 1 - - 13 7
228 159 142 89 56 38 28 13 7 3 1 - 8
37 29 27 39 18 21 9 6 4 7 - - 9
43 38 24 30 27 19 11 12 2 2 3 1 10
29 28 37 35 29 22 15 15 8 4 2 - 11
37 33 32 37 26 25 22 20 11 3 1 - 12
1473 1 173 957 800 676 469 303 256 175 96 106 23 13
1423 1083 825 806 603 496 331 320 197 139 151 27 14
2316 1788 1405 1007 656 686 455 279 180 78 82 157 15
2622 1805 1673 1 216 873 665 552 311 447 66 16
2090 1528 1 184 1064 591 722 350 243 1341 85 I 54 123 17
2379 1657 1457 1 186 853 695 546 356 503 32 18
4528000 3998000 4706000 4010000 2906000 --4099000 2541000 4000 19
7062000 6410000 7558000 6437000 5793000 7637000 5431000 4000 20
1001000 813000 1044000 917000 682000 964000 565000 1000 21
1587000 1355000 1712000 1435000 1265000 1705000 1 154000 1000 22
261